function productionRateSym = productionRateFunction(c,k12,k14,k21,k23,k32,k34,k41,k43)
%PRODUCTIONRATEFUNCTION
%    PRODUCTIONRATESYM = PRODUCTIONRATEFUNCTION(C,K12,K14,K21,K23,K32,K34,K41,K43)

%    This function was generated by the Symbolic Math Toolbox version 8.5.
%    20-Jan-2021 20:28:19

t2 = c.^2;
t3 = k12.*k14.*k23;
t4 = k12.*k14.*k43;
t5 = k12.*k23.*k41;
t6 = k14.*k32.*k43;
t7 = k12.*k41.*k43;
t8 = k32.*k41.*k43;
t9 = c.*k14.*k21.*k23;
t10 = c.*k14.*k21.*k32;
t11 = c.*k12.*k23.*k34;
t12 = c.*k14.*k21.*k43;
t13 = c.*k12.*k34.*k41;
t14 = c.*k21.*k32.*k43;
t15 = c.*k23.*k34.*k41;
t16 = c.*k32.*k34.*k41;
t17 = k21.*k23.*k34.*t2;
t18 = k21.*k32.*k34.*t2;
t19 = t3+t4+t6+t11;
t20 = t5+t7+t8+t14;
t21 = 1.0./t20;
t22 = t9+t12+t15+t17;
t23 = t10+t13+t16+t18;
t24 = t19.*t21;
t25 = t21.*t22;
t26 = t21.*t23;
t27 = t24+t25+t26+1.0;
t28 = 1.0./t27;
productionRateSym = t28+t26.*t28;
