function ETONMean = TauOFFFunction(c,k12,k14,k21,k23,k32,k34,k41,k43)
%TAUOFFFUNCTION
%    ETONMEAN = TAUOFFFUNCTION(C,K12,K14,K21,K23,K32,K34,K41,K43)

%    This function was generated by the Symbolic Math Toolbox version 8.5.
%    20-Jan-2021 21:02:35

t2 = c.*k21;
t3 = k12.*k41;
t4 = k32.*k41;
t5 = c.^2;
t7 = k12.*k14.*k23;
t8 = k12.*k14.*k43;
t10 = k14.*k32.*k43;
t15 = c.*k12.*k23.*k34;
t19 = c.*k23.*k34.*k41;
t6 = k32.*t2;
t9 = k23.*t3;
t11 = k43.*t3;
t12 = k43.*t4;
t13 = k14.*k23.*t2;
t16 = k14.*k43.*t2;
t17 = c.*k34.*t3;
t20 = c.*k34.*t4;
t21 = c.*k23.*k34.*t2;
t25 = t7+t8+t10+t15;
t14 = k14.*t6;
t18 = k43.*t6;
t22 = c.*k34.*t6;
t23 = t3+t4+t6;
t28 = t13+t16+t19+t21;
t24 = 1.0./t23;
t26 = t9+t11+t12+t18;
t29 = t14+t17+t20+t22;
t27 = 1.0./t26;
t30 = t25.*t27;
t31 = t27.*t28;
t32 = t27.*t29;
t33 = t30+t31+t32+1.0;
t34 = 1.0./t33;
ETONMean = (k14.*t24.*t34.*(k12+k32+t2)+k23.*t24.*t32.*t34.*(k12+k41+t2))./(k14.*t34+k23.*t32.*t34);
