function ETONMean = TauOFFFunction(cr,cw,a,ki,ka,kb,ku,wab,wib,wua,wba)
%TAUOFFFUNCTION
%    ETONMEAN = TAUOFFFUNCTION(CR,CW,A,KI,KA,KB,KU,WAB,WIB,WUA,WBA)

%    This function was generated by the Symbolic Math Toolbox version 8.5.
%    24-Jun-2022 07:43:02

t2 = cr+cw;
t3 = a.*ku;
t4 = cw.*kb;
t5 = ka+ki;
t6 = ka.*wab;
t7 = ka.*wba;
t8 = ki.*wib;
t9 = ki.*wua;
t10 = wba.*wib;
t11 = wab.*wua;
t12 = a+1.0;
t13 = a.^2;
t14 = cr.^2;
t15 = ka.^2;
t16 = ka.^3;
t17 = kb.^2;
t18 = ki.^2;
t19 = ku.^2;
t20 = wab.^2;
t21 = wib.^2;
t22 = wua.^2;
t26 = cr.*kb.*wab;
t23 = t4.*2.0;
t24 = t6.*2.0;
t25 = ku.*t4;
t27 = ki.*t6;
t28 = ku.*t6;
t29 = t8.*wba;
t30 = t6.*wua;
t31 = ki+t6;
t32 = ku+t6;
t33 = t3.*t6;
t34 = cr.*kb.*t6;
t35 = t4.*t6;
t36 = t10+wab;
t37 = t11+wba;
t38 = t10+wua;
t39 = ku.*t12;
t40 = ku.*t3;
t41 = ka.*t6;
t42 = ki.*t8;
t43 = kb.*t2;
t44 = ka+t4;
t45 = cr.*kb.*t3;
t48 = t6.*t7;
t56 = t8.^2;
t60 = t3+t6;
t64 = t6+t8;
t46 = ka.*t28;
t47 = ku.*t23.*wba;
t49 = t42.*wab;
t50 = ku+t44;
t51 = t43.*wab;
t52 = t6.*t25;
t53 = ka.*t40;
t54 = ka+t23;
t55 = t6.*t41;
t57 = ka.*t33;
t58 = ka+t43;
t59 = ku.*t44;
t61 = t44.*wab;
t62 = ki.*t32;
t63 = cr.*kb.*t33;
t65 = t32.*wua;
t68 = ka.*ki.*t36;
t69 = t8+t30;
t70 = ka.*ku.*t37;
t71 = ki.*ku.*t38;
t76 = t6.*t44.*wba;
t77 = t26+t32;
t78 = t9.*t32.*wab;
t79 = t6.*t34;
t80 = t6.*t35;
t88 = t9.*t60.*wab;
t89 = t22.*t28.*t31;
t97 = t14.*t17.*t64.*wba;
t98 = t7+t9+t29+t30;
t66 = t50.*wba;
t67 = t59.*wba;
t72 = ku.*t54.*wba;
t73 = t58.*wab;
t74 = t58.*wba;
t75 = ku+t61;
t83 = t6.*t58;
t87 = t8+t65;
t91 = t3.*t77;
t92 = t5.*t69;
t100 = t24+t39+t51;
t103 = t4.*t98;
t106 = t69.*t97;
t117 = t42+t48+t68+t70+t71;
t124 = t46+t52+t53+t55+t57+t63+t79+t80;
t81 = ki+t66;
t82 = t6.*t66;
t84 = ki+t74;
t85 = ku+t73;
t86 = t6.*t74;
t90 = t7.*t75;
t93 = t3+t73;
t99 = ku.*t5.*t87;
t102 = t59+t83;
t104 = t8.*t100.*wua;
t107 = t27+t72+t76;
t114 = t92+t103;
t120 = cr.*kb.*t117;
t127 = 1.0./t124;
t94 = t8.*t81;
t95 = t8.*t84;
t96 = t29.*t85;
t101 = t29.*t93;
t105 = t102.*wab;
t108 = t6.*t107;
t109 = t62+t67+t86;
t110 = t28+t47+t62+t82;
t121 = ku.*t87.*t114;
t131 = t97+t99+t120;
t111 = t109.*wua;
t112 = t27+t90+t94;
t113 = t8.*t110;
t115 = t91+t105;
t132 = a.*t3.*t131.*wua;
t116 = t8.*t112;
t118 = t115.*wba.*wua;
t119 = t22.*t115;
t122 = t95+t111;
t125 = t108+t113;
t123 = t4.*t64.*t122;
t126 = t125.*wua;
t128 = t56+t104+t119;
t129 = t49+t88+t96+t118;
t130 = t49+t78+t101+t118;
t133 = t89+t116+t126;
t134 = cr.*kb.*t133;
t135 = t106+t121+t134;
t136 = a.*t135;
t137 = t123+t132+t136;
t138 = 1.0./t137;
ETONMean = (ka.*ki.*t3.*t127.*t128.*t138.*(t25+t28+t33+t34+t35+t40+t45+t6.^2)+ka.*t4.*t8.*t127.*t130.*t138.*(t25+t33+t34+t35+t40+t41+t45+ka.*ku)+a.*cr.*ka.*kb.*t8.*t127.*t129.*t138.*(t25+t28+t34+t35+t40+t41+t45+ka.*t3))./(ka.*ki.*t3.*t128.*t138+ka.*t4.*t8.*t130.*t138+a.*cr.*ka.*kb.*t8.*t129.*t138);
