function ETOFFMean = TauONFunction(cr,cw,a,ki,ka,kb,ku,wab,wib,wua,wba)
%TAUONFUNCTION
%    ETOFFMEAN = TAUONFUNCTION(CR,CW,A,KI,KA,KB,KU,WAB,WIB,WUA,WBA)

%    This function was generated by the Symbolic Math Toolbox version 8.5.
%    24-Jun-2022 07:52:46

t2 = a.*cr;
t3 = cr+cw;
t4 = a.*ku;
t5 = cr.*kb;
t6 = cw.*kb;
t7 = cw.*ku;
t8 = ka+ki;
t9 = ka.*wab;
t10 = ka.*wba;
t11 = ki.*wib;
t12 = ki.*wua;
t13 = wba.*wib;
t14 = wab.*wua;
t15 = a.^2;
t16 = cr.^2;
t17 = ka.^2;
t18 = kb.^2;
t19 = ki.^2;
t20 = ki.^3;
t21 = ku.^2;
t22 = wib.^2;
t23 = wua.^2;
t24 = t6.*2.0;
t25 = t9.*2.0;
t26 = ku.*t2;
t27 = ku.*t6;
t28 = ki.*t9;
t29 = ku.*t9;
t30 = t11.*wba;
t31 = t9.*wua;
t32 = ki+t9;
t33 = ku+t9;
t34 = t13+wab;
t35 = t14+wba;
t36 = t13+wua;
t37 = ku.*t11.*wua;
t38 = ki.*t11;
t39 = cw+t2;
t40 = kb.*t3;
t41 = ka+t5;
t42 = ka+t6;
t44 = t9.*t10;
t46 = t3.*t9;
t48 = t4.*t11.*wua;
t54 = ku.*t11.*t12;
t57 = t4+t9;
t60 = t9+t11;
t72 = ku.*t4.*t23;
t74 = t4.*t11.*t12;
t82 = ku.*t4.*t12.*wua;
t43 = ku.*t24.*wba;
t45 = ku+t42;
t47 = t40.*wba;
t49 = t5.*t30;
t50 = t6.*t30;
t51 = t27.*wba.*wua;
t52 = ka+t24;
t53 = t11.*t38;
t55 = kb.*t39;
t56 = ka+t40;
t58 = t42.*wab;
t59 = ki.*t33;
t61 = t33.*wua;
t62 = kb.*t26.*wba.*wua;
t63 = t4.*t41;
t65 = t4+t33;
t67 = ku.*t42.*wba;
t68 = ka.*ki.*t34;
t69 = t11+t31;
t70 = ka.*ku.*t35;
t71 = ki.*ku.*t36;
t73 = t27.*t30.*wua;
t75 = ku+t4+t25;
t80 = t9.*t42.*wba;
t81 = kb.*t26.*t30.*wua;
t90 = t4.*t23.*t33;
t94 = ku.*t23.*t57;
t95 = t23.*t29.*t32;
t101 = t7+t26+t46;
t103 = t5.^2.*t60.*wba;
t104 = t10+t12+t30+t31;
t105 = t23.*t33.*t57;
t64 = ki+t47;
t66 = t45.*wba;
t76 = ku.*t52.*wba;
t77 = ka+t55;
t78 = t56.*wba;
t79 = ku+t58;
t83 = ki.*t65;
t86 = t11.*t49;
t87 = t11.*t50;
t88 = t9.*t56;
t89 = ki.*t75;
t93 = t11+t61;
t98 = t8.*t69;
t108 = kb.*t101.*wba;
t109 = t6.*t104;
t111 = t69.*t103;
t125 = t38+t44+t68+t70+t71;
t84 = ki+t66;
t85 = t9.*t66;
t91 = ki+t78;
t92 = t9.*t78;
t96 = ku.*t77.*wba;
t97 = t10.*t79;
t100 = t11.*t64.*wib;
t106 = ku.*t8.*t93;
t110 = t27+t63+t88;
t112 = t28+t76+t80;
t117 = t89+t108;
t121 = t98+t109;
t128 = t5.*t125;
t138 = t53+t54+t73+t74+t81+t82+t86+t87;
t99 = t11.*t84;
t102 = t11.*t91;
t113 = t110.*wba;
t114 = t9.*t112;
t115 = t59+t67+t92;
t116 = t29+t43+t59+t85;
t122 = t117.*wib.*wua;
t124 = t83+t92+t96;
t130 = ku.*t93.*t121;
t139 = t103+t106+t128;
t140 = 1.0./t138;
t107 = t102.*wib;
t118 = t115.*wua;
t119 = t28+t97+t99;
t120 = t11.*t116;
t126 = t83+t113;
t127 = t124.*wib.*wua;
t135 = t100+t105+t122;
t141 = a.*t4.*t139.*wua;
t123 = t11.*t119;
t129 = t126.*wib.*wua;
t131 = t102+t118;
t133 = t114+t120;
t136 = t90+t107+t127;
t132 = t6.*t60.*t131;
t134 = t133.*wua;
t137 = t94+t107+t129;
t142 = t95+t123+t134;
t143 = t5.*t142;
t144 = t111+t130+t143;
t145 = a.*t144;
t146 = t132+t141+t145;
t147 = 1.0./t146;
ETOFFMean = (t6.*t28.*t136.*t140.*t147.*(t38+t48+t49+t50+t51+t62+t72+ku.*t12)+ka.*ki.*t4.*t135.*t140.*t147.*(t37+t48+t49+t50+t51+t62+t72+t11.^2)+kb.*t2.*t28.*t137.*t140.*t147.*(t37+t38+t49+t50+t51+t62+t72+t4.*t12))./(t6.*t28.*t136.*t147+ka.*ki.*t4.*t135.*t147+kb.*t2.*t28.*t137.*t147);
