function varSum = intrinsicVarianceFunction(c,k12,k14,k21,k23,k32,k34,k41,k43)
%INTRINSICVARIANCEFUNCTION
%    VARSUM = INTRINSICVARIANCEFUNCTION(C,K12,K14,K21,K23,K32,K34,K41,K43)

%    This function was generated by the Symbolic Math Toolbox version 8.5.
%    02-Feb-2021 09:34:44

t2 = k12.*k14;
t3 = k14.*k23;
t4 = k14.*k32;
t5 = k12.*k41;
t6 = k14.*k43;
t7 = k23.*k41;
t8 = k32.*k41;
t9 = k41.*k43;
t10 = c.^2;
t11 = c.*k14.*k21;
t12 = c.*k21.*k23;
t13 = c.*k12.*k34;
t14 = c.*k21.*k32;
t15 = c.*k23.*k34;
t16 = c.*k21.*k43;
t17 = c.*k32.*k34;
t18 = c.*k34.*k41;
t28 = 1.0./c;
t19 = k23.*t2;
t20 = k21.*t4;
t21 = k43.*t2;
t22 = k23.*t5;
t23 = k34.*t5;
t24 = k43.*t4;
t25 = k43.*t5;
t26 = k34.*t8;
t27 = k43.*t8;
t29 = c.*k21.*t3;
t31 = k23.*t13;
t32 = c.*k21.*t6;
t34 = k34.*t14;
t35 = k43.*t14;
t36 = c.*k34.*t7;
t38 = k21.*k34.*t10;
t44 = t2+t4+t5+t8+t11+t14;
t45 = t3+t6+t7+t9+t15+t18;
t30 = c.*t20;
t33 = c.*t23;
t37 = c.*t26;
t39 = k23.*t38;
t40 = k32.*t38;
t41 = t19+t21+t24+t31;
t42 = t20+t23+t26+t34;
t43 = t22+t25+t27+t35;
t51 = t2+t5+t11+t13+t18+t38;
t52 = t6+t9+t11+t16+t18+t38;
t55 = t2+t4+t5+t8+t11+t13+t17+t38;
t56 = t3+t6+t7+t9+t12+t16+t18+t38;
t46 = 1.0./t42;
t47 = 1.0./t43;
t49 = t29+t32+t36+t39;
t50 = t30+t33+t37+t40;
t48 = t47.^2;
t53 = 1.0./t49;
t54 = 1.0./t50;
t57 = t41.*t47;
t58 = t47.*t49;
t59 = t47.*t50;
t60 = t57+t58+t59+1.0;
t61 = 1.0./t60;
t62 = t61.^2;
t63 = t44.*t54.*t61;
t64 = t53.*t56.*t61;
t65 = t45.*t53.*t57.*t61;
t66 = t51.*t54.*t58.*t61;
t67 = t52.*t53.*t59.*t61;
t68 = t28.*t46.*t55.*t57.*t61;
varSum = t48.*1.0./t53.^2.*t62.*(t64+t65+t67).*2.0+t48.*1.0./t54.^2.*t62.*(t63+t66+t68).*2.0+t48.*t49.*t50.*t62.*(t64+t65+t67-t52.*t53).*2.0+t48.*t49.*t50.*t62.*(t63+t66+t68-t51.*t54).*2.0;
