function ETONMean = TauOFFFunction(c,k12,k14,k21,k23,k32,k34,k41,k43)
%TAUOFFFUNCTION
%    ETONMEAN = TAUOFFFUNCTION(C,K12,K14,K21,K23,K32,K34,K41,K43)

%    This function was generated by the Symbolic Math Toolbox version 8.5.
%    02-Feb-2021 09:34:46

t2 = c.^2;
t3 = c.*k14.*k21;
t4 = c.*k34.*k41;
t5 = k12.*k14.*k23;
t6 = k12.*k14.*k43;
t7 = k12.*k23.*k41;
t8 = k14.*k32.*k43;
t9 = k12.*k41.*k43;
t10 = k32.*k41.*k43;
t13 = c.*k12.*k23.*k34;
t16 = c.*k21.*k32.*k43;
t11 = k23.*t3;
t12 = k32.*t3;
t14 = k43.*t3;
t15 = k12.*t4;
t17 = k23.*t4;
t18 = k32.*t4;
t19 = k21.*k34.*t2;
t23 = t5+t6+t8+t13;
t24 = t7+t9+t10+t16;
t20 = k23.*t19;
t21 = k32.*t19;
t22 = t3+t4+t19;
t26 = 1.0./t24;
t25 = 1.0./t22;
t27 = t11+t14+t17+t20;
t28 = t12+t15+t18+t21;
t29 = t23.*t26;
t30 = t26.*t27;
t31 = t26.*t28;
t32 = t29+t30+t31+1.0;
t33 = 1.0./t32;
ETONMean = (k12.*t25.*t30.*t33.*(k14+k41+c.*k34)+k43.*t25.*t31.*t33.*(k14+k41+c.*k21))./(k12.*t30.*t33+k43.*t31.*t33);
