function varSum = intrinsicVarianceFunctionORIG(c,k12,k14,k21,k23,k32,k34,k41,k43)
%INTRINSICVARIANCEFUNCTION
%    VARSUM = INTRINSICVARIANCEFUNCTION(C,K12,K14,K21,K23,K32,K34,K41,K43)

%    This function was generated by the Symbolic Math Toolbox version 8.5.
%    20-Jan-2021 20:49:39

t2 = k12.*k14;
t3 = k12.*k23;
t4 = k14.*k32;
t5 = k12.*k41;
t6 = k12.*k43;
t7 = k23.*k41;
t8 = k32.*k41;
t9 = k32.*k43;
t10 = k41.*k43;
t11 = c.^2;
t12 = c.*k14.*k21;
t13 = c.*k21.*k23;
t14 = c.*k12.*k34;
t15 = c.*k21.*k32;
t16 = c.*k21.*k43;
t17 = c.*k32.*k34;
t18 = c.*k34.*k41;
t28 = 1.0./c;
t19 = k23.*t2;
t20 = k21.*t4;
t21 = k43.*t2;
t22 = k41.*t3;
t23 = k34.*t5;
t24 = k43.*t4;
t25 = k43.*t5;
t26 = k34.*t8;
t27 = k43.*t8;
t29 = k23.*t12;
t31 = c.*k34.*t3;
t32 = k43.*t12;
t34 = k34.*t15;
t35 = c.*k21.*t9;
t36 = c.*k34.*t7;
t38 = k21.*k34.*t11;
t44 = t2+t4+t5+t8+t12+t15;
t45 = t3+t5+t7+t8+t13+t15;
t49 = t3+t6+t9+t13+t15+t16;
t54 = t3+t6+t7+t8+t10+t13+t15+t16;
t30 = c.*t20;
t33 = c.*t23;
t37 = c.*t26;
t39 = k23.*t38;
t40 = k32.*t38;
t41 = t19+t21+t24+t31;
t42 = t20+t23+t26+t34;
t43 = t22+t25+t27+t35;
t52 = t2+t5+t12+t14+t18+t38;
t55 = t2+t4+t5+t8+t12+t14+t17+t38;
t46 = 1.0./t42;
t47 = 1.0./t43;
t50 = t29+t32+t36+t39;
t51 = t30+t33+t37+t40;
t48 = t47.^2;
t53 = 1.0./t51;
t56 = t41.*t47;
t57 = t47.*t50;
t58 = t47.*t51;
t59 = t56+t57+t58+1.0;
t60 = 1.0./t59;
t61 = t60.^2;
t62 = t44.*t53.*t60;
t63 = t41.*t48.*t49.*t60;
t64 = t45.*t48.*t51.*t60;
t65 = t48.*t50.*t54.*t60;
t66 = t52.*t53.*t57.*t60;
t67 = t28.*t46.*t55.*t56.*t60;
varSum = t61.*(t63+t64+t65).*2.0+t58.*t61.*(t63+t64+t65-t45.*t47).*2.0+t58.*t61.*(t62+t66+t67-t44.*t53).*2.0+t48.*1.0./t53.^2.*t61.*(t62+t66+t67).*2.0;
