function out1 = TauCycleFunctionBinding(c,k12,k14,k21,k23,k32,k34,k41,k43)
%TAUCYCLEFUNCTION
%    OUT1 = TAUCYCLEFUNCTION(C,K12,K14,K21,K23,K32,K34,K41,K43)

%    This function was generated by the Symbolic Math Toolbox version 8.5.
%    02-Feb-2021 09:34:52

t2 = k12.*k23;
t3 = k12.*k43;
t4 = k32.*k43;
t5 = c.^2;
t6 = c.*k14.*k21;
t7 = c.*k34.*k41;
t8 = k14.*t2;
t9 = k14.*t3;
t10 = k41.*t2;
t11 = k14.*t4;
t12 = k41.*t3;
t13 = k41.*t4;
t14 = k23.*t6;
t15 = k32.*t6;
t16 = c.*k34.*t2;
t17 = k43.*t6;
t18 = k12.*t7;
t19 = c.*k21.*t4;
t20 = k23.*t7;
t21 = k32.*t7;
t22 = k21.*k34.*t5;
t25 = t2+t3+t4;
t23 = k23.*t22;
t24 = k32.*t22;
t26 = 1.0./t25;
t27 = t6+t7+t22;
t28 = t8+t9+t11+t16;
t29 = t10+t12+t13+t19;
t30 = 1.0./t27;
t31 = 1.0./t29;
t32 = t14+t17+t20+t23;
t33 = t15+t18+t21+t24;
t34 = t28.*t31;
t35 = t31.*t32;
t36 = t31.*t33;
t37 = t34+t35+t36+1.0;
t38 = 1.0./t37;
out1 = (c.*k34.*t26.*t38.*(k12+k23+k32)+c.*k21.*t26.*t34.*t38.*(k23+k32+k43))./(c.*k34.*t38+c.*k21.*t34.*t38)+(k12.*t30.*t35.*t38.*(k14+k41+c.*k34)+k43.*t30.*t36.*t38.*(k14+k41+c.*k21))./(k12.*t35.*t38+k43.*t36.*t38);
