function varSum = intrinsicVarianceFunction(c,k12,k14,k21,k23,k32,k34,k41,k43)
%INTRINSICVARIANCEFUNCTION
%    VARSUM = INTRINSICVARIANCEFUNCTION(C,K12,K14,K21,K23,K32,K34,K41,K43)

%    This function was generated by the Symbolic Math Toolbox version 8.5.
%    02-Feb-2021 10:09:17

t2 = k12.*k14;
t3 = k14.*k32;
t4 = k12.*k41;
t5 = k32.*k41;
t6 = c.^2;
t7 = c.*k14.*k21;
t8 = c.*k12.*k34;
t20 = c.*k21.*k32.*k43;
t21 = c.*k23.*k34.*k41;
t9 = k23.*t2;
t10 = k43.*t2;
t11 = k23.*t4;
t12 = k43.*t3;
t13 = k43.*t4;
t14 = k43.*t5;
t15 = k23.*t7;
t16 = c.*k21.*t3;
t17 = k23.*t8;
t18 = k43.*t7;
t19 = c.*k34.*t4;
t22 = c.*k34.*t5;
t23 = k21.*k34.*t6;
t24 = k23.*t23;
t25 = k32.*t23;
t26 = t9+t10+t12+t17;
t27 = t11+t13+t14+t20;
t28 = 1.0./t27;
t29 = t15+t18+t21+t24;
t30 = t16+t19+t22+t25;
t31 = 1.0./t30;
t32 = t26.*t28;
t33 = t28.*t29;
t34 = t28.*t30;
t35 = t32+t33+t34+1.0;
t36 = 1.0./t35;
varSum = t28.^2.*1.0./t31.^2.*t36.^2.*(t31.*t36.*(t2+t3+t4+t5+t7+c.*k21.*k32)+t31.*t33.*t36.*(t2+t4+t7+t8+t23+c.*k34.*k41)+(t32.*t36.*(t2+t3+t4+t5+t7+t8+t23+c.*k32.*k34))./(c.*(k21.*t3+k34.*t4+k34.*t5+c.*k21.*k32.*k34))).*2.0;
