function out1 = TauCycleFunction(c,k12,k14,k21,k23,k32,k34,k41,k43)
%TAUCYCLEFUNCTION
%    OUT1 = TAUCYCLEFUNCTION(C,K12,K14,K21,K23,K32,K34,K41,K43)

%    This function was generated by the Symbolic Math Toolbox version 8.5.
%    02-Feb-2021 10:09:23

t2 = k12.*k14;
t3 = k12.*k41;
t4 = c.^2;
t5 = c.*k14.*k21;
t9 = k14.*k32.*k43;
t11 = k32.*k41.*k43;
t14 = c.*k12.*k23.*k34;
t17 = c.*k21.*k32.*k43;
t18 = c.*k23.*k34.*k41;
t19 = c.*k32.*k34.*k41;
t6 = k23.*t2;
t7 = k43.*t2;
t8 = k23.*t3;
t10 = k43.*t3;
t12 = k23.*t5;
t13 = k32.*t5;
t15 = k43.*t5;
t16 = c.*k34.*t3;
t20 = k21.*k23.*k34.*t4;
t21 = k21.*k32.*k34.*t4;
t22 = t6+t7+t9+t14;
t23 = t8+t10+t11+t17;
t25 = t12+t15+t18+t20;
t26 = t13+t16+t19+t21;
t24 = 1.0./t23;
t27 = t22.*t24;
t28 = t24.*t25;
t29 = t24.*t26;
t30 = t27+t28+t29+1.0;
t31 = 1.0./t30;
out1 = 1.0./(k23+k43)+(k23.*t24.*t31.*(t2+t3+t5+c.*k12.*k34+c.*k34.*k41+k21.*k34.*t4)+k43.*t24.*t31.*(t2+t3+t5+k14.*k32+k32.*k41+c.*k21.*k32))./(k23.*t29.*t31+k43.*t29.*t31);
