function varSum = intrinsicVarianceFunction(c,k12,k14,k21,k23,k32,k34,k41,k43,ss1,ss2,ss3,ss4)
%INTRINSICVARIANCEFUNCTION
%    VARSUM = INTRINSICVARIANCEFUNCTION(C,K12,K14,K21,K23,K32,K34,K41,K43,SS1,SS2,SS3,SS4)

%    This function was generated by the Symbolic Math Toolbox version 8.5.
%    17-Mar-2021 11:31:00

t2 = k12.*k14;
t3 = k12.*k23;
t4 = k14.*k32;
t5 = k12.*k41;
t6 = k12.*k43;
t7 = k23.*k41;
t8 = k32.*k41;
t9 = k32.*k43;
t10 = k41.*k43;
t11 = c.^2;
t12 = c.*k14.*k21;
t13 = c.*k21.*k23;
t14 = c.*k12.*k34;
t15 = c.*k21.*k32;
t16 = c.*k21.*k43;
t17 = c.*k32.*k34;
t18 = c.*k34.*k41;
t25 = 1.0./c;
t19 = k21.*t4;
t20 = k41.*t3;
t21 = k34.*t5;
t22 = k43.*t5;
t23 = k34.*t8;
t24 = k43.*t8;
t28 = k34.*t15;
t29 = c.*k21.*t9;
t31 = k21.*k34.*t11;
t35 = t2+t4+t5+t8+t12+t15;
t36 = t3+t5+t7+t8+t13+t15;
t39 = t3+t6+t9+t13+t15+t16;
t43 = t3+t6+t7+t8+t10+t13+t15+t16;
t26 = c.*t19;
t27 = c.*t21;
t30 = c.*t23;
t32 = k32.*t31;
t33 = t19+t21+t23+t28;
t34 = t20+t22+t24+t29;
t41 = t2+t5+t12+t14+t18+t31;
t44 = t2+t4+t5+t8+t12+t14+t17+t31;
t37 = 1.0./t33;
t38 = 1.0./t34;
t40 = t26+t27+t30+t32;
t42 = 1.0./t40;
t45 = ss3.*t36.*t38;
t46 = ss1.*t38.*t39;
t48 = ss2.*t38.*t43;
t50 = ss1.*t25.*t37.*t44;
t47 = ss4.*t35.*t42;
t49 = ss2.*t41.*t42;
varSum = ss4.^2.*(t45+t46+t48).*2.0+ss3.^2.*(t47+t49+t50).*2.0+ss3.*ss4.*(t45+t46+t48-t36.*t38).*2.0+ss3.*ss4.*(t47+t49+t50-t35.*t42).*2.0;
