function out1 = TauCycleFunction(c,k12,k14,k21,k23,k32,k34,k41,k43)
%TAUCYCLEFUNCTION
%    OUT1 = TAUCYCLEFUNCTION(C,K12,K14,K21,K23,K32,K34,K41,K43)

%    This function was generated by the Symbolic Math Toolbox version 8.5.
%    13-Jan-2021 10:17:45

t2 = c.*k21;
t3 = c.*k34;
t4 = k14.*k23;
t5 = k12.*k41;
t6 = k14.*k43;
t7 = k32.*k41;
t8 = c.^2;
t9 = k32.*t2;
t10 = k23.*t3;
t11 = k12.*t4;
t12 = k12.*t6;
t13 = k23.*t5;
t14 = k32.*t6;
t15 = k43.*t5;
t16 = k43.*t7;
t17 = t2.*t4;
t20 = t2.*t6;
t21 = t3.*t5;
t24 = t3.*t7;
t18 = k14.*t9;
t19 = k12.*t10;
t22 = k43.*t9;
t23 = k41.*t10;
t25 = t2.*t10;
t26 = t3.*t9;
t27 = t4+t6+t10;
t28 = t5+t7+t9;
t29 = 1.0./t27;
t30 = 1.0./t28;
t31 = t11+t12+t14+t19;
t32 = t13+t15+t16+t22;
t34 = t17+t20+t23+t25;
t35 = t18+t21+t24+t26;
t33 = 1.0./t32;
t36 = t31.*t33;
t37 = t33.*t34;
t38 = t33.*t35;
t39 = t36+t37+t38+1.0;
t40 = 1.0./t39;
out1 = t29.*t40.*(k23+k43+t3)+t30.*t36.*t40.*(k12+k32+t2)+t30.*t37.*t40.*(k12+k41+t2)+t29.*t38.*t40.*(k14+k43+t3);
