function ETOFFMean = TauONFunction(c,k12,k14,k21,k23,k32,k34,k41,k43)
%TAUONFUNCTION
%    ETOFFMEAN = TAUONFUNCTION(C,K12,K14,K21,K23,K32,K34,K41,K43)

%    This function was generated by the Symbolic Math Toolbox version 8.5.
%    13-Jan-2021 10:17:43

t2 = c.*k34;
t3 = k14.*k23;
t4 = k14.*k43;
t5 = c.^2;
t9 = k12.*k23.*k41;
t11 = k12.*k41.*k43;
t12 = k32.*k41.*k43;
t14 = c.*k14.*k21.*k32;
t18 = c.*k21.*k32.*k43;
t6 = k23.*t2;
t7 = k12.*t3;
t8 = k12.*t4;
t10 = k32.*t4;
t13 = c.*k21.*t3;
t16 = c.*k21.*t4;
t17 = k12.*k41.*t2;
t20 = k32.*k41.*t2;
t22 = c.*k21.*k32.*t2;
t26 = t9+t11+t12+t18;
t15 = k12.*t6;
t19 = k41.*t6;
t21 = c.*k21.*t6;
t23 = t3+t4+t6;
t27 = 1.0./t26;
t29 = t14+t17+t20+t22;
t24 = 1.0./t23;
t25 = t7+t8+t10+t15;
t28 = t13+t16+t19+t21;
t32 = t27.*t29;
t30 = t25.*t27;
t31 = t27.*t28;
t33 = t30+t31+t32+1.0;
t34 = 1.0./t33;
ETOFFMean = t24.*t34.*(k23+k43+t2)+t24.*t32.*t34.*(k14+k43+t2);
